<?xml version="1.0" encoding="UTF-8" standalone="no"?>
<!DOCTYPE svg PUBLIC "-//W3C//DTD SVG 20010904//EN"
              "http://www.w3.org/TR/2001/REC-SVG-20010904/DTD/svg10.dtd">

<svg xmlns="http://www.w3.org/2000/svg"
     width="0.555556in" height="0.555556in"
     viewBox="0 0 50 50">
  <path id="경로 가져오기 복사"
        fill="none" stroke="black" stroke-width="1"
        d="M 19.13,42.34
           C 19.13,42.34 15.38,42.34 15.38,42.34
             15.11,42.34 14.89,42.12 14.89,41.85
             14.89,41.85 14.89,38.10 14.89,38.10
             14.89,37.83 15.11,37.61 15.38,37.61
             15.38,37.61 19.13,37.61 19.13,37.61
             19.40,37.61 19.62,37.83 19.62,38.10
             19.62,38.10 19.62,41.85 19.62,41.85
             19.62,42.12 19.40,42.34 19.13,42.34 Z
           M 19.13,34.58
           C 19.13,34.58 15.38,34.58 15.38,34.58
             15.11,34.58 14.89,34.36 14.89,34.09
             14.89,34.09 14.89,30.34 14.89,30.34
             14.89,30.07 15.11,29.85 15.38,29.85
             15.38,29.85 19.13,29.85 19.13,29.85
             19.40,29.85 19.62,30.07 19.62,30.34
             19.62,30.34 19.62,34.09 19.62,34.09
             19.62,34.36 19.40,34.58 19.13,34.58 Z
           M 19.13,26.81
           C 19.13,26.81 15.38,26.81 15.38,26.81
             15.11,26.81 14.89,26.60 14.89,26.33
             14.89,26.33 14.89,22.58 14.89,22.58
             14.89,22.31 15.11,22.09 15.38,22.09
             15.38,22.09 19.13,22.09 19.13,22.09
             19.40,22.09 19.62,22.31 19.62,22.58
             19.62,22.58 19.62,26.33 19.62,26.33
             19.62,26.60 19.40,26.81 19.13,26.81 Z
           M 19.13,19.05
           C 19.13,19.05 15.38,19.05 15.38,19.05
             15.11,19.05 14.89,18.83 14.89,18.56
             14.89,18.56 14.89,14.81 14.89,14.81
             14.89,14.54 15.11,14.33 15.38,14.33
             15.38,14.33 19.13,14.33 19.13,14.33
             19.40,14.33 19.62,14.54 19.62,14.81
             19.62,14.81 19.62,18.56 19.62,18.56
             19.62,18.83 19.40,19.05 19.13,19.05 Z" />
  <path id="경로 가져오기"
        fill="none" stroke="black" stroke-width="1"
        d="M 21.80,11.05
           C 21.80,11.05 12.71,11.05 12.71,11.05
             12.44,11.05 12.22,11.27 12.22,11.54
             12.22,11.54 12.22,45.51 12.22,45.51
             12.22,45.78 12.44,46.00 12.71,46.00
             12.71,46.00 21.80,46.00 21.80,46.00
             22.07,46.00 22.29,45.78 22.29,45.51
             22.29,45.51 22.29,11.54 22.29,11.54
             22.29,11.27 22.07,11.05 21.80,11.05
             21.80,11.05 21.80,11.05 21.80,11.05 Z
           M 19.13,42.34
           C 19.13,42.34 15.38,42.34 15.38,42.34
             15.11,42.34 14.89,42.12 14.89,41.85
             14.89,41.85 14.89,38.10 14.89,38.10
             14.89,37.83 15.11,37.61 15.38,37.61
             15.38,37.61 19.13,37.61 19.13,37.61
             19.40,37.61 19.62,37.83 19.62,38.10
             19.62,38.10 19.62,41.85 19.62,41.85
             19.62,42.12 19.40,42.34 19.13,42.34 Z
           M 19.13,34.58
           C 19.13,34.58 15.38,34.58 15.38,34.58
             15.11,34.58 14.89,34.36 14.89,34.09
             14.89,34.09 14.89,30.34 14.89,30.34
             14.89,30.07 15.11,29.85 15.38,29.85
             15.38,29.85 19.13,29.85 19.13,29.85
             19.40,29.85 19.62,30.07 19.62,30.34
             19.62,30.34 19.62,34.09 19.62,34.09
             19.62,34.36 19.40,34.58 19.13,34.58 Z
           M 19.13,26.81
           C 19.13,26.81 15.38,26.81 15.38,26.81
             15.11,26.81 14.89,26.60 14.89,26.33
             14.89,26.33 14.89,22.58 14.89,22.58
             14.89,22.31 15.11,22.09 15.38,22.09
             15.38,22.09 19.13,22.09 19.13,22.09
             19.40,22.09 19.62,22.31 19.62,22.58
             19.62,22.58 19.62,26.33 19.62,26.33
             19.62,26.60 19.40,26.81 19.13,26.81 Z
           M 19.13,19.05
           C 19.13,19.05 15.38,19.05 15.38,19.05
             15.11,19.05 14.89,18.83 14.89,18.56
             14.89,18.56 14.89,14.81 14.89,14.81
             14.89,14.54 15.11,14.33 15.38,14.33
             15.38,14.33 19.13,14.33 19.13,14.33
             19.40,14.33 19.62,14.54 19.62,14.81
             19.62,14.81 19.62,18.56 19.62,18.56
             19.62,18.83 19.40,19.05 19.13,19.05 Z" />
</svg>
